12
636437309 704270751
695056713 700147825
636437309 356396548
921201220 589666013
430411607 671693685
324259336 671693685
723442153 589666013
528904109 419799944
921201220 356396548
723442153 856537355
691516566 726853849
941903572 634527403

12
5138254 91583927
607865472 167507876
51248250 8250417
675467597 611809280
157130071 946061365
138261433 967068106
769112165 966993974
675467597 144175980
769112165 475105594
51248250 144175980
947874168 111530133
164921238 967068106

6
879221060 76350727 
161945371 76350727 
380619073 76350727 
896289713 76350727 
852891025 852349940 
519959866 76350727

4
0 0
1 0
1 1
0 1

